%YAML:1.0

#--------------------------------------------------------------------------------------------
# Camera Parameters. Adjust them!
#--------------------------------------------------------------------------------------------
File.version: "1.0"

Camera.type: "KannalaBrandt8"

# Left Camera calibration and distortion parameters (OpenCV)
Camera1.fx: 776.8970539144791
Camera1.fy: 772.4259198164827
Camera1.cx: 609.817522706296
Camera1.cy: 360.1302761558209

# Kannala-Brandt distortion parameters
Camera1.k1: 0.19777651670788252
Camera1.k2: -0.6383036562967015
Camera1.k3: 1.3565779031241798
Camera1.k4: -0.942200736967337

# Camera resolution
Camera.width: 1280
Camera.height: 720
Camera.newWidth: 640
Camera.newHeight: 360

# Camera frames per second 
Camera.fps: 20

# Color order of the images (0: BGR, 1: RGB. It is ignored if images are grayscale)
Camera.RGB: 1

# Transformation from body-frame (imu) to left camera
IMU.T_b_c1: !!opencv-matrix
   rows: 4
   cols: 4
   dt: f
#    data: [-0.021118526731261213, 0.9997711638063013, 0.0034099633570782908, -0.042490486767594426,
#          0.9995603140164969, 0.021184830939549513, -0.020745640055358918, -0.023549859070438273,
#          -0.020813132199282547, 0.0029703466899197, -0.9997789708573582, 0.027342609827089005,
#          0.0, 0.0, 0.0, 1.0]
   data: [-0.021118526731261213, 0.9995603140164969, -0.020813132199282547, 0.042490486767594426,
         0.9997711638063013, 0.021184830939549513, 0.0029703466899197, 0.023549859070438273,
         0.0034099633570782908, -0.020745640055358918, -0.9997789708573582, -0.027342609827089005,
         0.0, 0.0, 0.0, 1.0]
#    data: [-0.021118526731261213, 0.9997711638063013, 0.0034099633570782908, -0.042490486767594426,
#          0.9995603140164969, 0.021184830939549513, -0.020745640055358918, -0.023549859070438273,
#          -0.020813132199282547, 0.0029703466899197, -0.9997789708573582, 0.027342609827089005,
#          0.0, 0.0, 0.0, 1.0]


# T_cam_imu:
#     - [-0.021118526731261213, 0.9995603140164969, -0.020813132199282547, 0.042490486767594426]
#     - [0.9997711638063013, 0.021184830939549513, 0.0029703466899197, 0.023549859070438273]
#     - [0.0034099633570782908, -0.020745640055358918, -0.9997789708573582, -0.027342609827089005]
#     - [0.0, 0.0, 0.0, 1.0]

# Do not insert KFs when recently lost
IMU.InsertKFsWhenLost: 0

# IMU noise (Use those from VINS-mono)
IMU.NoiseGyro: 0.0486706263206795 # 2.44e-4 #1e-3 # rad/s^0.5
IMU.NoiseAcc: 0.032661174623221094 # 1.47e-3 #1e-2 # m/s^1.5
IMU.GyroWalk: 6.4795421961703314e-04 # rad/s^1.5
IMU.AccWalk: 1.5045809095138723e-03 # m/s^2.5
IMU.Frequency: 200.0

#--------------------------------------------------------------------------------------------
# ORB Parameters
#--------------------------------------------------------------------------------------------
# ORB Extractor: Number of features per image
ORBextractor.nFeatures: 1250

# ORB Extractor: Scale factor between levels in the scale pyramid 	
ORBextractor.scaleFactor: 1.2

# ORB Extractor: Number of levels in the scale pyramid	
ORBextractor.nLevels: 8

# ORB Extractor: Fast threshold
# Image is divided in a grid. At each cell FAST are extracted imposing a minimum response.
# Firstly we impose iniThFAST. If no corners are detected we impose a lower value minThFAST
# You can lower these values if your images have low contrast			
ORBextractor.iniThFAST: 20
ORBextractor.minThFAST: 7

#--------------------------------------------------------------------------------------------
# Viewer Parameters
#--------------------------------------------------------------------------------------------
Viewer.KeyFrameSize: 0.05
Viewer.KeyFrameLineWidth: 1.0
Viewer.GraphLineWidth: 0.9
Viewer.PointSize: 2.0
Viewer.CameraSize: 0.08
Viewer.CameraLineWidth: 3.0
Viewer.ViewpointX: 0.0
Viewer.ViewpointY: -0.7
Viewer.ViewpointZ: -3.5
Viewer.ViewpointF: 500.0
